-5.326640832379059276e-02 -6.126961622652813411e-01
-4.384688017488413969e-01 -3.696316315381835693e-01
-6.472971316278863796e-01 -6.642459635094051240e-01
3.332437966019277109e-01 -7.271474908691628602e-01
-3.893385512071678711e-01 4.051275858281031539e-01
4.792337380273161695e-01 9.535818513434435317e-02
-3.365778955593587973e-01 -4.888996639293183843e-01
4.064373996908776654e-01 9.424501805837688373e-01
-3.748330539084123725e-01 -7.752270328518129361e-01
-7.794020218014761081e-01 -2.531462180097172610e-01
5.423194744256685240e-01 3.626393628133310898e-01
8.615375285016835250e-02 -7.815394537742335057e-01
5.989808234365892048e-01 -4.949160538788450747e-01
-5.672030884543191043e-01 5.717754363141285268e-01
-6.229597290005144394e-01 -8.786652314287579646e-01
-5.502793239487893118e-01 7.280479765347069865e-01
9.004489454297113227e-01 5.917722901866717677e-01
-1.742200121179109384e-01 1.680135780802087808e-01
2.326540631647526780e-01 8.388544737950267560e-01
-2.328132733057117765e-01 -9.805691880953206763e-01
-3.325427963608662552e-01 3.555888741696440203e-01
-2.912878714464044450e-01 3.897464953616720518e-01
-3.484162082253219328e-01 -4.444952371388979362e-01
-8.381505182315323044e-01 9.342490435323498321e-01
-1.484627908384017481e-02 3.583219169156259820e-01
-8.147472132919537646e-01 -2.738813842794076692e-01
5.445891452826556733e-01 9.522558311899986805e-02
4.152212476555492415e-01 -5.876346425260670081e-02
8.689651471101247360e-01 6.692578981083665557e-01
9.250183618216587522e-01 -3.650904236877023923e-01
-2.505252658493022366e-01 -8.474614986719046783e-01
-2.249645893381888584e-01 9.137560660829762149e-01
-7.205679338933850264e-01 5.863089090928959024e-01
-4.781478079727112807e-01 5.574059985610058110e-01
5.280533934190196899e-01 4.955732855020142935e-01
-2.129179903027766940e-01 7.143617659460623770e-01
6.425566148215788864e-01 -6.272880512399996444e-01
7.165950895964734446e-01 4.454035584930535752e-01
-3.180035430886374304e-01 4.774754838289718695e-01
2.749625442016012666e-01 -7.169476658247844192e-01
-1.754084449650492594e-01 -1.514331666664028297e-01
-6.135547043860134497e-01 6.118106170077446393e-01
-5.478005848394618127e-01 -2.448919694458168976e+02
-5.777573861564113678e-01 6.588897634370940448e-01
-7.871617744705059483e-01 8.067583282660182320e-01
1.307133529797177562e-01 5.528483502872727495e-01
8.318734136867083073e-01 -7.113883612148006463e-01
9.352221310545272281e-02 3.586524454235442416e-01
-2.942175831318062933e+02 -3.707762522435318715e+02
-1.487141586500515871e+02 -2.258334977757268121e+02
2.976775018199018241e-01 -7.511127135382618114e-01
-3.351916272280905940e-01 4.408874738120254211e-01
6.987925494663431714e-01 -6.772833703994129984e-02
-7.713595508551855939e-01 -1.896954912427979423e-01
-4.560253745190506152e+02 -4.443067442484462504e+02
-4.410633881416051736e+02 -3.942732881188855458e+02
-3.233718718443647049e+02 -2.967918338389038695e+02
-2.151333082916235924e+02 -1.229034226809213948e+02
-8.354029046800626190e-01 8.706850440859386087e-01
-7.794893803054736559e-01 6.362141737092465998e-01
-2.643957498843133749e+02 -1.497442682446603328e+02
-2.672992149960797814e-01 -5.683542296791224135e-01
-2.109585906660836088e+02 -2.204621777667921112e-01
-2.312242872545082832e+02 -1.980251540136911217e+02
-2.227192119396324870e+02 -2.233211662036594589e+02
1.266464176903610017e-01 4.099966724964487774e-02
-8.967812803850974124e-01 -4.272330861293334170e-01
-6.020967621229718070e-01 -6.051459698432770651e-02
6.285753525397441699e-02 -6.304878057299432292e-01
-3.114258316235374302e-01 2.375543088974552131e-01
-9.944177823963636342e+01 -1.984439898985146158e+02
-2.478973247524081671e+02 -2.979206656740833523e+02
-7.779792647739025568e-01 -2.805767754148627002e-01
-3.063847353359938630e-01 1.376161434630047697e-01
1.922619304392212403e-01 4.516041699256414521e-01
6.262430730335803997e-01 -9.459847390438569370e-01
1.781766380428633223e-01 4.038263055969419923e-01
6.941059153418958072e-01 -3.613336065743988357e-03
-1.728600086877758457e-01 -3.664087520206082971e-02
6.058655899117222354e-01 5.745756722012138606e-01
-1.416141926595062550e-01 -7.823141220583094135e-01
-6.720573266262939160e-01 8.399523901696959172e-03
-7.553173387007843242e-01 -3.243250147023004626e-01
6.169321548360848784e-01 1.488255675231240360e-01
-4.473568368259046224e+01 -1.496913849229543132e+02
-1.416792377612136420e+02 -2.141370129773488884e+02
2.671661797023576757e-01 -4.536438500418489284e-01
3.396859522222448469e-01 -1.702257735375332093e-01
7.142955372721520035e-01 2.922431855454643568e-02
-7.005751540469349337e-01 -9.925421634109146130e-01
-2.659147493524139918e+02 -3.799022130875251833e+02
-2.100558960206684276e+02 -2.635932710463480362e+02
6.120125214026901972e+01 -1.091174016007178977e+02
-4.106645426282810263e+01 -6.041322294719409314e+01
-2.496259978678789793e-01 2.525665422447636033e-01
6.878976736204733822e-01 3.461795515332515283e-01
-1.159477739844013513e+02 -6.072971508272353436e-01
-7.607775283426466473e+00 -8.341348127680165980e-01
2.568031445564681992e+00 -8.209009072679098740e-01
-4.089318732545994806e+01 -9.818026376034158886e+01
1.197693010000469727e+01 -4.707813644088851390e+01
-8.490404935356148375e-01 -4.138700937267272284e-01
8.165820185581322832e-01 1.995638664323731160e-01
-2.328424699289026734e-01 -9.856593400905135915e-01
-9.656480740228519100e-01 -5.535250793840786887e-01
-8.412069795870267264e-01 -7.709830659569798517e-01
1.917480362307292552e+01 -1.483906798292872509e+02
-2.403964731883939265e+01 -2.691859605139838436e+02
-1.139925864282798074e-03 -2.184601118986186918e-01
-2.920443126922929178e-01 -8.473282103435186841e-01
-1.552449970774802956e-01 -4.227834905736742588e-01
9.115382588271845332e-01 8.094286523159441860e-01
5.064463542448272015e-02 -7.918009855099839012e-01
9.097786071045219636e-01 -7.340590064706276063e-01
9.287276098506858091e-01 -2.444819824708355238e-01
-6.070296786767581665e-01 -9.833698001576502978e-01
-8.546730101850907868e-01 -5.370761785970434854e-01
-1.565322889360070135e-01 -3.000433236618782473e-02
3.549428860950500919e-01 -7.335811645467729125e-01
-5.455305255830564803e-01 -5.188857659961043645e-01
9.143106235222793199e-01 -2.600489749356633684e-01
-7.529564668192627597e-01 5.865106633725536422e-01
2.314072459149323358e-01 -9.056527017508992916e-01
-3.285216851381960179e-01 -4.265320730137989180e-02
6.309891894176498095e-01 2.457351836222789743e-01
-2.632655296997785666e-01 8.112515958162365148e-01
-1.055960125272049055e+01 -3.133271467082638395e+01
1.081934298889448343e+01 -4.838593452522215177e-01
-8.745837877122761839e-01 6.904994344331294442e-02
3.553557832377734371e+01 -2.210647611572547078e-01
9.620466861834542360e-01 1.005145528925439624e-01
5.572400246724429351e-01 -8.652092873516818994e-01
7.358712037966106401e-01 3.829956138346630734e-01
8.567627996039581806e-01 2.085250212039103879e+00
1.215934166742285250e+01 -7.358330036362350501e-01
4.893039223443927455e+01 -8.425887527035831326e-01
-2.159577691506666852e+01 -9.352332434289716279e-01
-7.886063601548154445e-01 7.520850855449885408e-01
-4.990339389677402870e-01 2.157687277943864945e-01
6.743047880145411899e-01 4.726795615934595851e-01
6.158399262851232958e-01 8.534129394550231673e-01
-5.674617015803216091e-01 1.471520350911472974e+01
-7.050493835131228515e-01 -2.403427055024804027e+00
-1.164665483586301065e+02 -4.697522415932197504e+01
-9.233313819367667818e-01 9.450678012598623390e-02
-4.482290740613643631e-01 3.473634110674652664e-01
-9.051851690181962340e-01 -8.311642835069625868e-01
-6.846436292549278324e-01 4.922341834000398819e-01
-9.500141394434327147e-01 9.076596408523793791e-01
4.590741359385692721e-01 5.776412119063307760e-01
-6.556329617901752727e-01 -4.381654229191678240e-02
-5.530322187045937365e-01 -9.990913772947098703e-01
6.143268700682729122e-01 -5.970665763642413193e-01
2.463587453020625873e-01 6.108289752560958075e-01
9.814253114541340306e-01 1.742773134011585956e-01
9.931902941881158853e-01 -8.192481582733606160e-01
-7.126071502407191893e-01 -2.079592602737112550e-02
-4.535877528518819091e-01 5.030553120519831722e-01
7.198859549601579477e-01 -6.019363162062389971e-01
-1.740430601053484239e-01 5.864524400608834842e-01
7.923351046575615175e-01 -9.361247295745933616e-01
3.643311547838858910e-01 -9.851707384072667661e-01
1.682193035233856548e-01 -5.338915702503512772e-01
9.580925177508969881e-02 2.182591302855441118e-01
-3.464435046461733503e-01 8.777794006661794324e-01
2.212793245389559349e-01 -1.063447470060467914e-01
-2.770790586568625535e-01 9.910263907969747432e-01
3.173560469549110419e-01 -1.466608166267067137e-01
-5.976145659434382029e-01 7.443188114251628740e-01
3.455961399576650273e-01 -5.741678504885736611e-01
6.075484457520277104e-01 7.275482160567414702e-01
-5.009001107404653652e-02 5.571541667832899947e-01
2.398815561138885055e-01 -7.736221097192410578e-01
-9.881070769170239299e-01 -9.422585540249523994e-01
-6.513238380847887754e-01 9.249804269194676909e-01
-6.996960677233916570e-01 4.145796745565166752e-01
9.748365203468800644e-02 2.774971866277418098e-01
-3.834227353861414667e-01 -7.930803077642556431e-02
7.368629082572268896e-01 9.963934059595129789e-01
-2.584881705756858494e-02 8.374382714911567938e-01
3.322751260064655821e-01 8.880861947210405560e-02
-5.709879349420372563e-01 -3.658737209440365845e-02
-1.053046046569463545e-01 7.827228242425672278e-01
5.420138555530065183e-01 7.226623784972023845e-01
2.591696310181865748e-01 3.946954859463234211e-01
4.115770683521333684e-01 7.273555151250785666e-01
-5.288489378667327045e-02 6.170291672637409075e-01
-1.702310147328334189e-02 -4.196363616896536808e-01
9.075498447549901204e-01 8.782829101013600592e-02
5.398633364602269946e-01 8.719878246622456697e-01
-9.860388401805884051e-01 -2.258931472812433228e-01
-5.966529826555615479e-01 -1.166342141873106808e-01
4.084432803968491843e-01 2.686556343834789473e-02
-5.410145104059076449e-01 7.621163459722577471e-01
-9.631228233719790754e-01 8.530552757576346234e-01
8.875086614450331535e-01 -8.734621789450014440e-02
-1.265738169574104344e-01 -3.523211597804023487e-01
-7.971107081369344094e-01 8.016916965536342587e-01
-7.839770226546352028e-01 2.288215747430146774e-01
-1.268466938565564472e-01 9.275036144990500553e-01
-5.019225613980469181e-01 -4.752721692780912388e-01
-5.979377263898746353e-01 1.506554136068525285e-01
-8.539034352024843511e-01 -6.842049347417085148e-01
4.847923339479764948e-02 -4.199272571110816976e-01
-9.836543210044768060e-02 2.816999257279417801e-01
7.276055795812141902e-02 -9.391090052024773094e-01
8.123981569345302134e-01 -5.488781658271995045e-01
7.159743908194513562e-01 -6.583696358332100651e-01
7.823679756866914747e-01 6.880797795068605005e-01
-2.965640924953223401e-01 -2.674608861380811664e-01
-3.938528214157188678e-01 2.225417232226702957e-01
-7.751838055588935461e-01 9.562122127610894751e-02
-8.099269943345606126e-01 5.407554910972498519e-01
-6.760516516994432568e-01 -8.736267059292981418e-01
5.174542944113320608e-01 6.351100672953056137e-01
-9.367430878321869603e-01 6.022628904862648014e-01
-3.760680252559849279e-01 3.450767254661653016e-01
-5.847881870601590037e-01 -2.452954077485460793e-01
2.660426643611912834e-01 8.074412190034065961e-01
8.727766193717143572e-01 7.836754496693765226e-01
-9.506933324824726750e-01 -4.038795629733311632e-01
5.741628340998916613e-02 5.566969284450367095e-01
5.786582859337134899e-01 1.312829767014893623e-01
7.537663980046225287e-01 8.471913328804701049e-01
-2.154802491589502544e-02 2.490754677417135188e-01
-3.939035579269001275e-01 -6.015020700661821706e-02
-2.682684405931936578e-01 8.701237481768213655e-01
-3.800495819877949266e-01 5.338554928183998349e-01
-4.886295064468604288e-01 -2.041953477909586034e-01
-4.040702402673792548e-01 -7.838655230014297537e-01
9.113601169378138245e-02 6.605203345035708384e-01
-5.320028090276458510e-01 7.651406431867910918e-01
-3.873443220960708366e-01 3.974629443460497846e-01
-3.059148973957728224e-01 -4.801965611416951774e-01
9.961651168770724318e-02 -3.605356739434395497e-01
-1.413767088006561146e-01 8.002916602821319447e-01
2.787129737350599878e-01 -5.527188823550930330e-01
-7.879818347422820057e-01 4.349796117832018805e-01
-6.564049965343636828e-01 3.713568305184211660e-01
-5.124730040571949807e-01 -8.267465823426998206e-01
-7.290360445409582724e-01 9.110663879901892415e-03
-3.072223637254118955e-01 -7.720537414768673390e-01
5.484365534760637928e-02 -5.784406765834384512e-01
2.390345075769151340e-01 2.080635389882561359e-01
2.494143798541796908e-01 3.608152228258421079e-01
2.453314341346211069e-01 -6.666895537596793098e-01
6.689200239174419860e-01 2.664559773053045699e-01
-9.246800224638156429e-01 -7.828910187256017394e-01
-6.570924170196765779e-01 -4.354090875294420737e-01
-8.846547885924918031e-01 3.021349416543335220e-01
2.596012481707221653e-01 6.584429316781921226e-01
7.123288041059172571e-02 -4.287060879585216089e-01
-5.604890942151994349e-01 -1.472033974237954013e-01
1.767172894445212528e-01 6.004646789343659474e-01
-2.273387127590353884e-02 -2.748766199550423117e-01
-7.544410188371444281e-01 -4.544356304076739850e-01
6.683358642238135250e-01 4.152617820055750641e-01
-9.418376484817034822e-01 -1.460564396547514576e-02
-4.950591639048726478e+01 -3.044303565259513107e+02
-3.278810070337601079e-01 7.264014538270526788e-01
2.795478848416936835e-01 9.598166993370167432e-01
8.524908557712043145e-01 -9.789110496808182127e-01
5.917207379484867857e-01 -6.115869513910625610e-01
-7.895415046314488983e-01 -6.374131076937827878e-01
-4.903396559714674368e+02 -5.727509657267951297e+02
-3.894361861632428372e+02 -3.436307860082665115e+02
-1.227992587058832186e+02 -2.100247920581736025e+02
-5.016611521056055789e-01 7.429024865560251989e-02
-5.567542652872441433e-01 -4.494570615913244804e-01
4.524236512178216874e-01 2.075255815578420648e-01
-2.123390912047672430e+02 -1.706836532623342464e+02
-2.412443061826248680e+01 -2.698347363966606736e+02
-1.495244988630964826e+02 -3.034601080246114861e+02
-7.162448696998833952e+01 -2.352646941830629999e+02
-2.236479208329382402e+02 -2.091986687468487958e+02
9.417948567350808986e-02 1.112725075436422628e-01
9.654870021820021186e-01 -8.245898979947963170e-02
-1.233188951420659834e+02 -8.867075284066232577e-01
-8.301845930803697371e-01 -8.264140349932851404e-01
-2.093142018673508460e+02 -1.267352292071691693e+02
-6.944852486005778758e+01 -2.523927281477539282e+02
-1.307103049214474595e+02 -1.727575214372507162e+02
3.999360590034484186e-01 4.750956013569300751e-01
-4.244327650021966214e-01 6.202349310161079377e-01
5.168598360116443136e-01 8.253211723710978109e-01
-4.374024326011061170e-02 6.721668226401509294e-01
-5.246821650432009765e-01 -2.791139709831589322e-01
-9.870664820374054216e+01 -7.338543051301614639e+01
-1.071509123055371937e-01 -3.389930832925780457e-02
2.704303125942437713e-01 -2.922299625149886726e-01
-7.726412887142759534e-01 7.787889804827845541e-01
-5.319910957718978484e-01 -4.273723056543714538e-01
1.524731363694911135e-01 -5.562451430320423107e-01
8.788113833474018310e-01 -3.022582093019239302e-01
-5.964886881158803078e+01 -1.503593133296839994e+02
8.446878732290254987e+00 -7.687947772096083154e-01
-1.961595751777078789e-02 8.123475120455458942e-01
1.268715134051170423e-01 3.770708334910928272e-01
-3.309792160214826140e-01 2.583459793841951235e-01
5.667491964209718791e-01 -4.755286565576779534e-01
-2.613514690984840740e+02 -2.899021896131139329e+02
-1.938040055436926821e+02 -7.797520454095734976e+01
6.620588629190780239e+01 -4.847292069033883877e+01
8.361393363682074753e-01 -8.465409733236717305e-01
6.324723167436774318e-02 1.369528699428326224e-01
-2.659091871735632662e-01 -6.424825968537710708e-01
-1.802349619114779102e+02 -2.477675422125606985e+02
7.576891537407496102e+00 -4.765826287714850906e+01
9.009955711432073144e+01 -3.041658540007423994e+01
9.606886614732275120e+01 -8.277359617047852680e+01
9.493145627893699867e-01 -6.923157627690870175e-01
4.827556276057285434e-01 -7.706338400675973865e-01
5.619354382393639824e-01 -3.303621804042913279e-01
6.044591056706608789e+00 -7.562308879868264722e-01
-2.276337138461193010e-01 5.672948836364342107e-01
-5.712618943773891544e+01 3.854942325967533634e+01
-1.571815403163182800e+01 -8.533839418516396336e+01
-2.750225111891457885e+01 -1.432593574433144852e+02
-5.702516886562185583e-01 -9.178741216132182412e-01
-2.788293760173636837e-01 -3.244166189981392279e-01
-3.909272570596855623e-01 -8.033283021392274570e-01
9.578021039673716430e-01 -6.552913770535926385e-01
-3.035234987657988714e-01 8.039922354600181897e-02
1.054423033064008086e-01 -7.231616529566208840e+01
2.251060568991725130e-01 -8.937490055327506067e-01
3.997090200778676827e-01 4.389212221417850834e-01
-5.175569075698782662e-01 3.842853673113690860e-01
4.132476495280927864e-01 -7.855013524176004402e-01
4.849735433914799110e-01 4.372902591415548379e-01
4.367196280710303746e-01 3.257233525389000572e-01
-2.330434254577381736e+01 8.718341348414493375e-02
1.199369835276863228e+01 -5.229007848439246597e-01
-2.400844943883801985e-01 -5.521206465644976635e-01
-1.966236497089535185e-01 -7.333072644342570889e-01
6.646855159278060032e-01 -2.719748194262283647e-02
-7.607361426191681097e-01 -4.897030608349699499e-01
-1.728292482344802465e+02 -1.289183313561973989e+02
1.681306073887554220e+01 -1.619351276214651492e+01
6.629768091018031217e-01 6.448834592398996790e+01
3.218168487085606433e-01 -3.465567475948128084e-02
9.952988528313619909e-01 -9.399395306562459140e-01
8.324604796110590677e-02 2.492691858297975127e-01
-4.229202668039430080e+01 -9.232035604345513491e+01
2.067046634092616131e+01 -4.267820794463732881e+01
8.987088852502031955e+01 -6.570331230920547494e-01
9.715813938780755166e+01 -2.251048229922094635e-01
4.769406845255230731e-01 1.350840786740098665e+00
-2.950377383852365032e-01 -3.431923037130226728e-01
1.404086571781411052e+00 3.302360563608786048e-01
1.991749186207992572e+00 -2.125148802620981936e-01
5.219505498429821699e-02 6.221646219117903165e+00
2.124979711508188984e+01 -1.067018274974667946e+01
1.710693221201999492e+01 -4.844839366686523263e+00
-3.996910635806971701e-01 -1.159648064174171367e+01
6.753870104127044360e-01 1.207752407791067295e-01
-4.068427119105280099e-01 3.318595691821191185e-01
-8.080800760298878505e-01 -5.157469792751248061e-01
-3.212538947066256867e-02 -8.679181807398839155e-02
1.815960789938003250e+00 -1.807476609369497922e+01
-1.798223535274173912e+01 -1.310585510909695017e+02
-9.384697774945736093e-01 -5.400470207957730473e-01
-2.453452903926691686e-01 9.684942370511542276e-01
-7.506799524105391974e-01 -7.064843683947523711e-01
-7.344157652045693041e-01 -9.082077643465291672e-02
4.332723076562168263e-01 -8.039208877364254491e-01
-1.465621937588656998e-01 -2.790402132572620264e-01
7.316185478583054902e-01 -9.987477951135494969e-01
8.162838705631669800e-01 6.538141252443103735e-01
4.556198458698696996e-01 8.990861879850247096e-01
2.468752248321219867e-01 -9.546959950535818251e-01
-1.202529835991483775e-01 3.505962920881218192e-01
3.165682744685631711e-01 4.331193624041391743e-01
-3.674086864016210541e+01 -5.582494846402924793e+01
9.946455047240415626e-01 2.277623265858650381e-01
1.746210685150053621e-01 4.002843145014580717e-01
9.221939057995871547e-01 -3.736539144790340661e-01
8.952480646596834291e-01 -2.803667245429672938e-01
2.197655621625360656e-01 -5.020595703353081252e-01
6.660327533504897257e-01 1.486836418452297304e+00
1.338370480145080865e+00 -2.643829989195807251e-01
5.715473082934651927e+01 1.098276855716297407e+00
-8.014069843710696084e-01 -6.652492093459736466e-01
7.150477510289707794e-01 1.694558387177551584e-01
1.912540195841110346e-01 -1.247459037515261659e-01
3.319131230234202423e-01 -8.885858366618792914e-01
-8.765967920448238804e-01 6.526079480005662070e-01
-6.579230607246333573e-01 -8.758647485509956088e-01
3.673979802923079063e+01 -3.901947854817802153e-01
4.280227733817355329e+00 5.446495445008685543e-01
8.045883882055566705e-01 5.466500345684770501e-01
-8.599626682829588642e-01 -2.587115908894386251e-01
2.295837419297206417e-01 -8.171132275055770222e-02
-4.021878835945900121e-01 -6.671410717105603627e-01
-1.267696872619339388e-02 9.311808522489362083e-02
3.448709396834919616e+00 -5.615619749469535904e-02
-1.141728524543770078e+02 -1.618946917702853483e+01
-1.050025227410678053e-01 1.277213612632643880e-01
1.646244406348091882e-01 -6.629350560995836972e-01
-5.525184391983630761e-01 7.972097917476603790e-01
3.293929384344020939e-01 -5.393379106970466186e-01
8.082347460155769880e-01 -7.991610467780601024e-01
1.261116064584983931e-01 -4.064945469840250958e-01
-2.397882165838138846e-02 7.189912766332846594e-01
-7.692055994241080441e-01 3.721072160668756901e-01
4.453920703926197433e-01 -5.320836881990156364e-01
-8.011029340534048249e-01 -4.923084127346528671e-01
7.029142318189174343e-01 5.025989919298889941e-01
3.492896980080142377e-01 -2.738880740506877132e-02
8.733847289332246078e-01 9.059735748402937272e-01
-7.597016525018633892e-01 3.029118674017543533e-01
-1.461941425559354357e-01 -4.690971871324618458e-01
9.402097664123651999e-01 -4.692335641135920721e-01
-7.898325105944821178e-01 -1.151365829063966117e-02
4.715827335676558985e-01 -2.727220248698338789e-01
-2.934147369995470100e-01 -5.811456652234274767e-01
5.753019518941815402e-01 -5.634532693552543048e-01
1.366423022466367598e-01 5.513273401207063884e-01
-7.934319516737198263e-01 -6.924484926389740114e-01
8.554310211440527834e-01 2.979258854056578976e-01
5.166954985235050479e-01 -2.395551838491167818e-01
-6.257550931023398988e-01 -2.594846732145472679e-01
-2.633782618836670864e-01 -8.050805410757813085e-01
9.525576640171691256e-01 -4.032675592596346448e-01
-4.810071762404430906e-01 -5.542081303419816862e-01
-1.176045044454987476e-02 8.415306487026237292e-01
-8.332279538954630027e-01 9.283715423033833680e-01
-6.158115066325569043e-01 4.339657675531787273e-01
-2.281061138339257610e-01 3.480550404626230332e-01
-7.201165659261452578e-01 -8.229120769076061492e-01
8.811340861197789476e-01 -8.322695992691020450e-02
-6.037746863800448338e-01 3.548688381845879203e-01
3.914489063075814457e-01 -3.742384068994892843e-01
-3.449097431810337344e-01 9.649555920548740229e-01
3.601117794156349916e-02 -1.319380275398032154e-01
1.235283251548719985e-01 -2.923239953305454275e-01
-8.112826402087540689e-01 -2.335851305430352021e-01
-1.136081846229686221e-02 -1.133153031144986667e-01
-5.675450011405087647e-01 -5.057197766727861143e-01
-2.485753141682944811e-01 4.832976945415228265e-01
6.166433328302538541e-01 -4.739281210818182544e-01
1.716597196174982631e-01 -2.428507081453374905e-01
-1.878457011486758255e-01 -7.376670232748521183e-01
7.425693253644707337e-01 -4.588337231851014053e-01
-8.406347923927171006e-01 -3.133262679056625366e-01
4.745334327360395399e-01 6.536010385086645780e-01
-2.714639135907377376e-01 5.028014575775152650e-01
-2.033296210096555701e-01 -8.118461122594229362e-01
7.213381395961806497e-01 -8.822767674647891134e-01
5.103039616480322671e-01 -7.490279964232233745e-01
7.773456078186968821e-01 -1.334490452720908937e-01
8.952828930707854571e-01 -3.947215936610317666e-01
-2.346919266375098179e-01 -3.184136305007059242e-01
3.898693671276034500e-01 -1.088260939417706741e-01
1.048494179911891866e-01 -4.918150654390487375e-01
4.981194693381936212e-01 -3.693848439598987898e-01
9.115143728491086339e-01 4.158116600540360253e-01
-7.891292029225858151e-01 -8.368942411851025831e-01
1.861675974905705466e-01 8.435767632943538263e-01
-2.934793236476611611e-01 9.676676650809612479e-01
5.738327763355646205e-01 3.798773940290489648e-02
-5.215583356938178206e-01 -5.949165107412035525e-02
4.631631603856327661e-01 3.912990733116634701e-01
-8.436417707971781699e-01 -8.801811569460100682e-01
-8.159797893163054372e-01 -5.673696810316344319e-01
2.395383526112571104e-01 -4.091285115397484962e-01
9.455335572334622185e-01 8.148940781086009277e-01
-9.528829178974278502e-01 2.799104960963259003e-01
3.281955683082522501e-01 -3.297452147393478139e-01
5.811812034238710289e-01 2.947649385262607336e-01
-3.433686111735514412e-01 -9.143657412258232586e-01
9.364120434636005186e-01 -8.668245089360619993e-01
-9.929580891587683755e-01 9.708005636950485240e-01
2.084318998695007252e-01 -3.450705331321342051e-01
9.166879480136105318e-01 7.522297337355325908e-01
-2.772116141750185534e+02 -2.415633732927786923e+02
-1.969980002383251758e+02 -2.352031483667672660e+02
-4.829746019196434759e-01 -3.904479916352661117e-01
5.233489112240763852e+00 -4.743931233183789686e+01
-4.335182068387049004e-01 9.532639899972783493e-01
-6.340357489275949554e-02 -6.238601494385458412e-01
-2.494837287151593159e+02 -3.058954497052992565e+02
-9.840356646897259907e+01 -1.392820487669343947e+02
-2.236823882224248337e+02 -2.687850301764792675e+02
-9.602947975548335080e+01 -1.679836196002259214e+02
3.416383555943713901e-02 3.433752308297872702e+00
1.906880384208478052e-01 -5.564694526192237589e-01
3.273286948426199494e-01 4.317364963267338318e-01
-1.462156446269603975e+02 -4.708087966363738985e+01
-9.716143263194081214e+01 -5.748813996740986809e-01
-1.096279858941882139e+02 -1.466437848486331177e+02
-1.952443605916435558e+02 -1.512357883746018388e+02
-1.009738016579280782e+02 -3.093726666076829801e+01
-5.131497296952525211e-02 -5.139609502354158810e-01
3.868062695134912854e-01 -2.071472770460491830e-03
-9.731574954230186592e-01 -9.797108591809051692e-01
-1.771139964567025604e-01 1.143494585158906007e+00
-1.013573906999974383e+02 -1.229802711447687642e+02
-1.013960897579793539e+02 -2.019769624983576364e+02
8.213656159397957346e-01 7.341236853156682951e-01
3.642027438043515808e-01 -3.789286501324022893e-01
-1.876440988091625517e-01 -5.347652254501293889e-01
4.579968207002809155e-01 4.307352684725522796e-01
-8.735860698466944019e-01 2.333662723132559069e-01
-8.368048191178061312e-01 -2.035968679402944126e-02
3.816899657920724831e-01 -3.918466129263336040e-01
1.757082934261757767e-01 -3.291911044500053229e-01
-1.743412177373517835e-01 -5.033511247504198760e-01
-7.498299832220767236e-01 3.587745365863224123e-01
7.653721578334200526e-01 -3.321066493634170502e-01
-1.031178069576379475e-01 2.777429420128623150e-01
-1.977090356954205390e+02 -1.489940003488387390e+02
-3.684468273700526453e+01 6.926526322341067576e+00
1.864304467205666782e+01 -5.247265260635758377e-01
2.256414748617709165e+01 -9.100006356006806740e-01
-5.113761637418070549e-01 9.161402127155962027e-01
3.868378833054897381e-01 9.716049921853111559e-01
-1.238025882165964617e+02 -3.575460406471713668e+02
4.715641007644754978e+01 -6.714913357304997987e+01
8.996250518683189057e+01 -5.560016648399898287e+01
9.532524663325537517e+01 5.707326406689079334e+01
-1.875718595481190576e-01 1.845858245054907698e-01
3.486415437520935079e+00 -1.345861277123252542e-01
-6.681911036869927045e+01 -4.636311757817770030e+01
1.800041079065736227e+01 -2.323564704912561396e+01
9.080844303907461779e+01 5.465492323160543719e+01
9.475681400568986135e+01 9.877913960449859587e+00
-5.128426189453109885e+01 -7.054123287337921511e+01
-1.665353513006335007e+01 -6.352483006062096393e+01
-9.644220332596504797e-01 -1.349349246649935719e-01
-3.847571022510218874e-01 -3.038342334755357310e-01
-5.887372469575649081e-01 -7.702073121326833416e-01
2.244094202637628399e+01 -8.219572133971182470e-01
2.195889633887061620e+01 -1.800079713653461511e+01
-1.375788022639095409e+01 -1.086150840081253506e+02
9.690286535021179759e-01 -4.656432643841399432e-01
-8.798236475882470486e-01 9.995120012671956378e-01
4.564277201292936681e-01 -3.589709097025206574e-01
1.196967394116150718e-01 2.442415483518090014e-02
6.145431688331841613e-01 4.188163250435519291e-01
-2.366600708158508581e+01 -4.960657159891042056e+00
7.926056556056488844e-01 -5.799365384298682535e-02
-7.021903300439777951e-01 -5.836739560215442602e-02
-9.282173268958504586e-01 -4.778358511771441108e-02
9.938951994474132245e-01 4.541953038703492318e-01
-5.529511831293336677e-01 8.962052158098638976e-01
2.818023467482411171e-02 7.463557427599321059e-01
-9.010837873839257384e+01 1.353774799721994215e+00
9.221330698443733098e+00 -1.336582864084162736e+01
1.952715941219533846e+01 -6.898052785027035672e-01
3.266704462722056501e-01 6.680602316067034696e-01
-1.615806515000142163e-01 5.078125132905981776e-01
-6.087947804466717905e-01 -9.991597464488157776e-01
3.718701961091521468e+01 -1.190772106937677819e+02
5.596169342800060775e+01 -4.891232834661657591e+01
1.302585876060149772e+01 9.122300737253689817e+01
9.716969187734156321e+01 -7.190454524491887156e-01
1.936058486131411183e-01 1.838831993092291395e-01
7.769906088242837239e-01 6.498450786020117942e-01
4.206431848090913306e+00 -5.795339088131699157e+01
-3.959981724000785075e-01 2.086598953474002371e+01
6.383292690819498461e+01 9.297391844837355279e+01
3.029555199845635727e+01 9.703206459514214544e+01
-5.027986009675814216e+00 1.500156701061933973e+01
-1.342145427920209144e+01 -1.782180229953136674e+01
7.661345477557131023e-01 -4.582069276316584894e-01
2.279607594045742758e-01 -2.327317361695542264e-01
4.533822821143313320e+01 -7.576660647808730609e-01
9.190920520807408067e+00 2.533248264731995647e+01
2.142901339139612560e+01 -2.087079998076870169e+01
-6.787106407799738861e+01 -1.313246556510502501e+02
-4.614465443887314500e-01 -4.406782327291105528e-01
6.044520955136547524e-01 3.552182951610172168e-02
-8.506035155217159804e-01 -2.285783774481888742e-01
-4.009107984135145131e-01 5.878236629406858871e-01
1.456348505786182468e+00 -3.447410035836859787e-01
-4.530950825727853726e+01 -3.334212128334785774e+01
-7.107519348139001991e-02 1.263575820410793860e-01
3.469099862539286594e-01 -7.387970399419343526e-01
-7.778521352327834038e-01 -1.742417220235521480e-01
2.749145801153245472e-01 3.253173986718425059e-01
-3.187188653070505140e-01 9.210825327025558007e-01
7.174456982816417305e-01 4.763432665271141175e-01
-3.809509124934828961e-03 5.717640032767568048e-01
-3.768469624586190392e-01 8.720962625352453035e-01
4.629665004765448622e-01 3.949179377892344522e-01
1.733889797769723184e-01 3.928886950510523945e-05
4.177497048113283373e-01 4.087474718097765525e-01
-8.590020949937573480e-01 5.276670691283198433e-01
-3.323103945305584972e+01 -4.197678302697636354e+01
-2.186388486784099783e+01 2.071722555928588783e+00
4.448001559513530268e-01 8.289066824105513209e-01
-6.268373839701215644e-01 3.390886504820544989e-01
-7.463313742809234430e-01 2.279804768540241167e-01
-4.695502594459881607e-01 -6.306645708454992061e-01
-2.843266102160256548e+00 4.212404854110268104e+00
7.387682492643974363e-01 -6.834447646061581061e-01
-6.884529185982830590e-01 1.975603052869390908e+01
-5.573151481266198637e-01 1.579325589988640388e+01
5.261566680533458218e-01 -4.272089973896302517e-01
-1.363636259106524307e-01 8.249320808796138937e-01
-5.765801081758041846e-01 -5.181090358334297097e-01
-1.823572764887793074e-01 1.827802743512287886e-01
4.455839520684872213e-01 7.709511597094063085e-01
7.850342701473179474e+00 -7.932048091287802194e-02
-2.291578677480741533e+01 2.933343243831086689e+00
-1.944524927578760654e+01 -6.850994427681735388e+00
4.062175781771295568e-01 9.205345897410652789e-01
2.159710190468584479e-01 -9.282808769965313900e-01
8.433901014308700095e-01 5.364432573519131164e-01
8.194968574377823334e-01 -2.869206715284011722e-02
-6.528313575505930721e-01 1.844332845594689463e+00
-4.288284329875896361e+01 -7.153940985351527004e+00
3.160315524729906400e-02 3.475565355576091253e-01
-6.590469021799518767e-01 8.066625297948968321e-01
-5.105238589925409354e-01 1.425347908322889268e-01
7.343435673549734144e-01 -3.600215734884439911e-01
2.843433226741074460e-01 -8.011016971028055433e-01
8.454003404719223624e-02 -3.533751733018308805e-02
9.000407435379702559e-01 9.831944775934517988e-01
-9.415739887660403706e-01 8.788468633837727140e-01
-7.604914667976041542e-01 -9.365548848231410872e-01
8.680143866079772508e-01 -9.250986331286965569e-01
-5.993185508310849841e-01 -1.976420510664882446e-01
-2.679344449727902866e-01 -1.327528121399637051e-01
8.813326847616267390e-01 7.471159971195198146e-01
-4.908834410904616696e-02 -9.955920314456760956e-01
-7.686381679214899787e-01 -5.942097550240241777e-01
-6.464071181254633647e-01 2.230118508765355223e-02
5.438782054437194535e-01 3.274470694934057402e-01
7.854087834897591769e-01 -1.640131890837837059e-01
5.812843381051904235e-01 -1.117015718799632129e-01
2.667784262691839103e-01 2.885459178607912012e-01
3.793316727283975176e-01 3.431122632073513312e-01
2.853599804734843204e-01 -1.659272332301002795e-01
-4.809931438349457355e-01 -8.289422676679920610e-01
4.690326467865779669e-01 4.226499669768650769e-01
-1.547057709953669757e-03 3.864436198753964380e-01
-5.489197080295105113e-01 -5.633545855918797862e-01
2.602237852961344355e-01 5.917624185599883457e-01
-9.611502575519239588e-01 4.608955598517154861e-01
-5.093382907114964997e-01 3.196924415674895492e-01
-9.474283680645301242e-01 9.891639160591063629e-01
-2.362271204598660468e-01 -9.732572479390069198e-01
-5.919168774233773966e-01 3.304416031092749506e-02
-1.949444484147075940e-01 6.725128616295694695e-01
3.597574268015908405e-01 -5.682924847159969151e-01
-9.679477932910500737e-01 5.735876539662299045e-01
5.513572918175315696e-01 -7.264670591427477842e-01
-5.678821668302109771e-01 7.035693327201189007e-01
-7.416187305024386500e-01 -6.874828051797143846e-01
6.908001959492746646e-01 6.756378736804657947e-02
-6.435102068010012388e-01 -6.929667511391079948e-02
-4.446981935034475253e-01 3.954579411755740903e-01
-7.167060642709519591e-01 8.590180395710202976e-01
1.959488933046340531e-01 -2.508127898812269052e-01
-8.424012973799599457e-02 -7.405433355859192268e-01
-3.792427401135833875e-01 9.724903475309425449e-01
4.130027008430907642e-01 -2.231106282679817809e-02
-7.944259089767216064e-01 -2.343954512888755115e-01
-2.258567050088560180e-01 -9.883865506889757402e-01
5.919139310018206590e-01 -3.455757042694209691e-01
-2.392622952494765087e-01 -5.045229019550014904e-01
9.516230744419074128e-02 2.479235025386781199e-01
-6.435282586561603679e-01 -7.493192354458271254e-01
9.550187503211797768e-01 -5.848772753118436363e-02
-9.573045309086070098e-01 -5.131404675972512930e-01
2.226993870872613357e-01 7.752625614389168085e-01
-9.677194090363969714e-01 -2.528661369975948592e-01
-7.502419071851920140e-01 -5.527713916842231789e-01
1.922125838497137362e-01 -9.277272106330491930e-01
-1.351583966378093749e-01 7.134855437765748043e-01
6.465354938214886715e-01 1.106915303315862964e-01
3.841377323895900364e-01 -2.457946775529469274e-01
-2.425251665669796441e-01 4.741769332670602299e-01
-3.343536464463501279e-01 1.582906168462956398e-01
-7.256391297119526573e-01 -5.513961323452698515e-02
-2.545993093077303371e-02 -3.986697677899158077e-01
9.288338654179895126e-01 -8.724162146798164486e-01
2.907337597633503634e-01 4.231410129479638016e-01
-9.343304206967406600e-01 -3.917136552693234464e-02
-6.129655011846566470e-01 6.586358654652240130e-01
3.914734288234316129e-01 -7.461842934937386040e-01
-5.713179912831032325e-01 -8.797542880027005019e-01
3.232549121636576483e-01 -1.933856956754609335e-02
2.593016704345493917e+00 -9.943910242333123506e+01
-7.046399839054446890e-01 -8.932382248988584017e-01
1.596038465302436204e-01 -4.726437824554967637e-01
-7.744542283476214539e-01 6.747016276930377643e-01
4.245537766345282016e-01 2.827008560976043139e-01
5.437675471682745787e-01 -7.796591967145038993e-02
-3.020456505964720861e+01 -3.647685173874205589e+01
-6.556350623463069738e-01 -7.888570685586033804e-01
3.369238161206401738e+00 -7.946929119338357328e-01
2.426980607859049854e+01 -7.701018374859198712e-01
8.865104067991524950e-02 5.068849471752778779e-01
-2.429451980637264974e-02 4.829737361338533042e-01
3.518737783737926339e-01 1.857914793339877413e+00
-1.773362766355315312e-01 -8.717770156170661089e-01
9.524606708548736478e+00 -5.636054735922157022e+01
2.914473434630185977e+01 2.529159090994759218e-02
4.912422553735962261e-01 2.561013041146419766e+01
2.628859312227473932e-01 9.830058382317521382e-01
9.991580936016979386e-01 6.899159418368272512e-01
2.740618190709371849e-01 -4.324533580331755278e-01
-4.166354736757744703e-01 7.009437810993968121e-02
-4.373359328057841999e-01 -9.650043344000409640e-01
1.253356231302131185e+01 -4.564204821011192958e-01
-9.725890453931039303e+01 -2.088719634914982581e+00
-2.066600495867532139e-01 4.840227333302351553e-01
-2.688659433550628641e-01 6.609694992099792721e-01
6.280312131620127136e-01 3.810724467747046429e-01
5.852093026719895619e-02 4.299174448339941890e-01
-9.923739726349567469e-02 7.335152077600142206e-01
9.162945122773225037e-01 1.254544176864276217e-01
-4.009628739286565935e-01 2.004278558093091078e-01
1.811991808954764860e-01 6.826348029425153285e-01
3.410989171876854797e-02 6.868407961525901939e-02
2.733988532019013817e-01 -4.847809375353537842e-01
2.608649058811092214e-01 -4.529387607813146754e-01
-6.489263663409108318e-01 -9.261074963468680643e-01
-1.015350378763677668e+02 -5.015305634288920089e+01
9.428725748090049930e-01 6.231408304211798477e-01
4.327971545554843757e+00 4.884986977215466375e-02
2.979415456089287151e-01 -5.225784733494123202e-01
-9.584755706208980541e-02 6.664031704945507784e-01
7.913299963862170383e-01 -1.686346711336783599e-02
-1.440625605055762151e+02 -1.176131726637416364e+02
2.305932456375531459e+01 -3.205844631754429486e+01
2.309634376005860545e+01 6.311844113505604703e-02
-6.326377794546034217e-01 4.030081833930596957e+01
9.389218348734977848e-01 8.641860402886749615e-01
-5.194309318220948768e-01 9.644488389912311277e-01
-6.875332864137695310e+01 -6.431949865367855956e+00
1.010256218116223437e+01 4.726547400543635291e+01
9.159785935090779674e+01 6.312821692496898152e+01
3.549043069912563197e+01 9.414143267821556549e+01
1.052108016027263737e+01 -9.390510679136268024e-01
-9.053084622765044109e-01 4.764616459027867457e+00
-6.409736204793343717e-01 7.139893614734844629e-01
-2.421356277746686825e-01 4.690992400680209506e-01
-2.063721945508545375e-01 9.602692580742640871e+01
9.666507256955240734e+01 4.964821561624285096e+01
-1.280884213149312600e+01 8.809905591596665531e+00
-1.499591151395817334e+01 -8.297293838963267376e+01
4.785081432097146870e-01 -9.517167044294543299e-01
-3.155348411140848075e-01 -6.377957306450359187e-01
-8.987540052918485678e-02 8.738790189364362693e-01
4.194914028158703445e+01 3.585999579956871131e-01
1.792477133889925511e+01 -7.215016396664448717e-01
-1.592869081799484654e+01 -1.083153427145154097e+02
-1.420451842713412738e-01 4.586717781051405929e-01
-8.229007043156701950e-01 -5.401438044614017553e-01
-5.273014974928897924e-01 3.327440485194432807e-01
6.870420914759973741e-01 -5.735891601792473260e-01
8.469852436431497544e-01 7.387650782612611433e-01
5.965586790923791405e-01 -6.707110996872744924e-01
-9.529699720988560330e-01 6.728397720613510380e-01
-3.312350935034977795e-01 -9.341323600638340441e-01
1.963615932223095051e-01 5.979324633429239810e+00
-7.562252614601134848e-01 -8.253658885604100437e-01
-6.238310742481860682e-01 -2.826679065180259798e-01
7.995322358224423720e-01 8.847404950738910756e-01
-1.622334843607048072e+02 -1.073048897716393846e+01
-3.970128693774008610e+01 6.027934939474493348e+01
-7.135493237629064822e+01 7.117049538899325967e+01
-5.488502167908591023e-01 -2.941015990345705600e-01
9.109489514372093311e-02 -4.562664216287068975e-01
2.662353918806734665e-01 5.237479337438291083e-01
-8.373541656041291503e+01 3.697750674028947060e+01
-2.756581277696992061e+01 3.883823267324615358e+01
2.686118039355109488e+01 6.980932397392186317e+01
1.012243848193426166e+00 9.708816361081002810e+01
4.312065412962936328e+00 -7.766783849488658742e-01
-9.062956955603889142e-01 -8.187481821921909209e-01
-3.151830675571307694e+00 -1.432214871973213732e+01
9.381856120489249218e-01 3.166738111667111166e-01
1.961648937377500346e+01 9.689878409557076111e+01
2.074597932338560824e+01 9.810289381526663988e+01
-7.197843725328897335e+01 1.617662186958083481e+01
-1.198763830242755830e+02 -9.625529236308240399e+01
-7.520598638146920312e-01 6.332992429514550103e-01
8.637159931380944400e-01 9.423955171657938390e-01
3.519023012961031149e-02 3.162793089266962010e-01
-9.663713854213127341e-01 -5.190117120064601242e-01
-8.266309674708116972e+01 -3.862176528123922736e+01
-1.826002367242032278e+02 -9.658115649971819039e+01
-6.001539338886374697e-01 -4.314276229124502926e-01
4.419633944808887271e-01 3.942246531832189760e-01
-9.724102113993038365e-01 -4.530383321547510889e-01
6.325060876210526484e-01 -5.016533747834994728e-02
-3.914640488982379374e-01 6.325769010103856616e-01
4.577866711869962302e-01 6.267072025532471891e-01
7.358251180665646984e-01 8.769252793080157815e-01
5.870743685216379681e-01 3.716470488825640572e-02
9.441671767348445155e-01 2.284095112367268143e-02
4.446285208350708729e-02 -4.697939089276133018e-01
7.297686721095435480e-01 -9.905143428486695711e-02
5.156936735923516313e-01 -8.475733283341249091e-01
-2.285745587777831744e+01 -1.406327316935732163e+01
-1.795139828765653363e+02 -1.582568719581558412e+02
-9.216866694201457655e-01 5.382621208407315505e-01
-1.013552382700793064e-01 -8.799931883486995510e-01
4.639963289100006438e-01 5.018629610958202925e-01
6.172380299547430837e-01 9.985690426988564905e-01
-9.924205407562817527e+01 -1.317755624058968351e+02
-1.309265968120874106e+02 -6.738450156807552105e+00
-4.807605750687017832e+01 1.144448164987125161e+01
-9.891013228477565633e+01 -4.056942521401867285e-01
-4.894771303670924567e+01 -1.003312691076274490e+02
1.879682582960815473e-01 -4.804489760943853049e-01
2.801637931950340388e-02 3.045382197316561790e+00
3.707260130029477185e-01 6.529098183783113019e-01
-8.057887573097766154e-01 -8.282646024594089340e+01
-1.027648161611160731e+02 -8.058943628342004217e+01
-2.909990277972825652e+02 -1.660485618527887652e+02
-1.144501546523286351e+01 -9.703461864892543076e+01
1.304399466603995972e-01 -2.279005940407503594e-01
5.005238411494379314e-01 -9.784398944545955601e-01
9.925925461693461127e-01 5.867282980298893502e-01
-8.735826065453067280e-01 8.830802455643205207e-02
-1.470927094236243420e+02 7.637933416541828890e+00
-2.036857150459890704e+02 -6.306916499538895238e+01
1.308579984750997127e-01 -1.938299705623147684e-01
4.496631319009898320e-01 -3.881031734939381916e-01
-6.744253138961442406e-01 -3.098706526679413376e-01
7.020812582899240706e-01 8.448413545594666285e-01
1.535373168971760904e-01 -5.763331578272454792e-01
-9.717722725670401474e+01 -9.732212888825507946e+01
5.959098608893067528e-01 -7.330162886887408025e-01
3.954098643226886534e-01 -3.736430611699890214e-01
9.073580012361599501e-01 -2.539250885781973999e-02
5.877322633375108296e-01 5.058181584204597403e-01
9.958807293512748071e-01 -2.301506886084909720e-01
-5.134843948757736865e-01 -8.227039322603868499e-01
3.194488662330754458e-01 5.741517526463155718e-01
5.071714981954442703e-01 3.386052074037626536e-01
8.374691144076993332e-01 8.622584665520680591e-01
-6.110773810854628341e-01 -4.396122019481008003e-01
3.984222280067122313e-01 1.806120690955757002e-01
-8.895313791893786348e-01 -7.256569657057398981e-01
-8.959928451713594644e-01 1.853105754372494918e-01
-7.123547025939023225e-01 -8.058375742158085941e-01
-1.614593508426953594e-01 -8.732742795294872185e-01
-2.741543257192118332e-01 9.597884082252956528e-01
-3.476184816657945653e-02 1.258547506275782268e-01
5.160110451086390437e-01 3.617130457851411851e-01
-9.304327871865603061e-01 -4.457444435424302576e-01
-6.549893922633187593e-02 9.886595788929766204e-01
8.787081842663013731e-02 -5.543236472812465010e-01
-3.756053541754933445e-01 -8.229172819576284770e-01
1.031352766325843717e-02 -3.935776306534195523e-01
5.542374324872239022e-01 4.207738844199975237e-01
-5.893963522751732853e-03 -8.400629404877217876e-01
-7.467033579419675160e-01 1.785347077108661029e-01
9.128101912580417476e-01 6.821623670618428559e-01
4.305173931718040414e-01 5.880650670117675283e-01
9.134472585696828961e-01 -3.185081101485884858e-01
2.557327529349739947e-01 -9.922974031656177640e-01
-9.090846818469697777e-01 -7.264283412942575957e-01
6.327262560760689158e-01 6.055308544524939940e-01
-3.321620186869418401e-01 9.544206124939556002e-01
-3.054489768963188911e-01 7.812545854510291043e-01
-9.368097866705791255e-01 -3.993488799160194169e-02
8.096668986507158383e-01 -5.786419047672088922e-01
-2.009353585115916108e-01 -4.233333549330999812e-01
-3.825857883230032730e-01 -8.808220842851111065e-01
1.053767956767308611e-01 5.323845929190353932e-01
6.564960030526172385e-01 -1.231006361057906950e-01
-6.477647516826712248e-02 9.157949173795136844e-01
-1.156176177541381467e-01 8.952950687192680057e-01
-1.582122197918685025e-01 -6.879750813060165893e-01
3.525940169976098382e-01 -7.352150135889221616e-01
1.829006469639102850e-01 7.294219917076514292e-01
8.826504086315780651e-01 -6.302086169703557950e-02
-4.142216650957024626e-01 5.512830749402322095e-01
6.993059463993713809e-01 -6.709924530733217818e-01
4.192475829105122287e-01 -2.690437211752099156e-01
1.490812883324457161e-01 3.486093737136020110e-02
7.140829645105761792e-01 -1.569963207868667610e-01
5.977266189534069518e-01 -2.299880219174266216e-02
-9.104002044542907068e-01 9.632612443984542860e-01
-2.723387794252785099e-02 -7.681844404168303164e-01
-5.054645708838012563e-01 9.666257362252563823e-01
-4.055400988494564096e-01 5.831350626892906064e-01
-5.258317899093865044e-01 -4.926711603838584974e-01
-9.513008961826476817e-01 -7.535990940848735775e-01
2.321709441945334351e-01 -8.472178525657523274e-01
-1.614565567144341518e-01 -6.396033954286162171e-01
-4.225117499010895283e-01 5.452010828383069274e-02
4.823415991760544586e-01 -7.127556075341541231e-01
5.385946667725887149e-01 -3.842924954056747833e-01
5.454276694367932166e-03 6.949716754857269141e-01
5.921304283657347067e-01 6.758331750354107381e-01
-5.511037355092467394e-01 -8.360120864263693718e-01
6.506375274948128506e-02 8.788796791812329978e-01
7.707384072262235541e-01 -9.071521009970389127e-01
-8.292004736743705529e-01 6.149356689027083434e-01
5.404427834663825259e-01 -1.567958346475284426e-01
-6.109406895595075326e-01 -6.819836067072118091e-01
-8.911508420411686782e-01 -5.568325768196484837e-01
-4.530348852103245605e+01 -4.210182336329481956e+01
1.184710764976908415e-01 3.895537199297482989e-01
6.824066079851429656e-01 -5.287525628909861553e-02
8.847078990331778137e-01 -4.742863818338973747e-01
9.188173944405491067e-01 -1.592134975156000998e-02
9.084612271591252508e-01 3.157181348046678160e-02
-3.641374566535937163e+01 -4.287645859247474078e+01
3.276116996826248240e-01 7.374665429066535882e-01
-2.713077924315188127e-01 3.906692988424501323e+01
1.995550414236029191e-01 1.576738997329001890e+01
-4.560592365032063444e-01 9.573068042471377659e-02
-4.408833930438640358e-01 -1.212205955830718551e-01
8.819461877043759390e-01 4.602985999677544626e-02
3.552546365821707131e-01 2.581758649005641004e-01
5.093191489573640762e-01 -2.133693633092277331e-01
6.277389072246035706e-01 7.718365017130301986e-01
4.311275575761257528e-01 -4.044562077719140447e-01
-6.903560469835061664e-01 -4.252698632624947184e-01
6.290809053755652691e-01 -6.583465935094401367e-01
9.077284195409673906e-01 3.143266363481453940e-01
-2.840457936544651396e-01 -6.298172928803842385e-01
-1.796542426555693961e-01 6.427123273964441275e-01
8.239685343144378393e+00 -4.837300025972146589e-01
1.839613879146747344e+00 2.240882999046518442e-01
-4.185810774819813673e-01 4.884085725168587633e-01
6.770771262998382944e-01 8.808163727721798342e-01
-5.038757745818545075e-01 -9.115574268642476774e-01
1.659440919042036722e-01 -3.355714399687337313e-01
-5.976419479112828892e-01 2.308808221525291415e-01
-9.379195600650567233e-01 2.108896994276019399e-01
-2.786822103186761268e-01 5.813688814488271461e-01
-1.792994626753474652e-01 7.435482247582954063e-01
9.852857895135054278e-01 3.662949530236083717e-01
4.943674321688964479e-01 9.772535227149714565e-01
-2.987366479954278731e-02 -8.763521150213469113e-01
5.341140307790186448e-01 5.100123050045775042e-01
-7.597439129270262015e+01 -1.375858811815953402e+02
-3.385780822634170129e-01 2.244641126183461566e+00
-5.604442117682402191e-01 3.018530595225663404e+01
1.816072308380147771e-01 5.322484375108240684e-01
-7.861839642086552171e-01 3.159292608054458107e-01
1.698851584421090521e-01 -8.767852529873430001e-01
-1.075645732566123911e+02 -3.637653145929058951e+01
-1.578204535647337536e+01 2.517413349596656502e+01
6.964152721684948588e+00 9.313540444964377230e+01
-9.202371550871784045e-01 2.197888534374409630e+01
1.592952875116671052e-01 6.679951779576589477e-01
8.938253197804937322e-01 9.365663811722322318e-01
-8.307625980556149869e+00 -8.301403597560272907e-01
3.666551933800467822e+01 -4.610130220786941013e-01
6.921677110869536875e+01 9.164305392149648810e+01
-3.406790001305846083e-01 5.998545787444767541e+01
-1.880766951982579815e-01 1.719803295051074343e+01
-1.836277210242690572e+01 -1.611287847386777017e+01
-6.539092996600837093e-01 -6.189770895579476129e-01
-3.444375683754472561e-01 -7.652867910373060134e-01
5.210447122809820364e-01 -7.582816650441173145e-01
-8.236637515608051796e-01 -2.928176569446439004e-02
-4.481055765711467131e+01 -3.510788415275153795e+01
-3.938140098092202379e+01 -4.503284377879138134e+01
4.397441568010984625e-01 -9.841382409837811096e-01
9.607943955765176902e-01 -9.116076338433278803e-01
-9.545739298738347145e-01 5.868713843075428205e-01
-7.801287546597654998e-01 -2.405606866399563337e-01
-1.947848522235862134e-02 -4.889898157535861323e-01
-9.895098601889245060e+01 -1.107798257127885755e+01
-3.688803079802105422e-02 1.474247694534465136e-01
1.420164091522591043e-01 1.098104338976870764e-01
1.902061910925147981e-01 3.533085532642836757e-01
-2.446984117284933813e-01 6.681544591860957283e-01
8.325293920938012793e-01 -2.865625515737788565e-01
-8.954676118220328274e-01 -4.672263568079872975e-01
-9.653920791100871668e+01 -9.934625041508034826e+01
9.045844713771915568e-01 -3.439964467731870812e-01
1.560090284748636424e-01 5.078900942992408130e-01
2.665756275734867398e-01 -7.373122552532951346e-01
-7.115632979236712341e-01 -1.206179813065255679e-02
9.081954864667347582e-01 -2.727015690816378957e-01
-1.439041831175851769e+02 -3.382490935786036346e+01
-8.755346501061008269e+01 4.348392086909490928e+01
5.776145267400341066e-01 7.338772759326039363e+01
4.926713232326331848e-01 9.365780541854515917e-01
-3.193689244239537040e-01 -1.513650118467011474e-01
-3.370146470612938039e-01 6.164494959788209272e-01
-6.510640758571075537e+01 -4.260553966282625282e+01
-4.792991069353277567e+01 5.870329989790785419e+01
-6.893709517873550396e+01 9.214326251952735447e+01
-4.787813426562177455e+01 2.527743394788785025e+01
-7.307470471034265813e+01 -8.180417747993254807e+01
-1.003094648792395702e+02 -8.124320183084137170e+01
-1.050887795440289540e-01 1.046038230573844707e-01
-7.085449853711951462e-01 6.349279607211026910e-01
1.250239769550691715e+00 1.120193849760295901e-01
4.869855922688919314e-01 -9.097502174493767857e-01
-1.855121763110462325e+02 -1.826069800601212023e+02
-1.596224811286969327e+02 -4.545467731108760745e+01
-7.986061363236953703e-01 4.446231826969857526e-01
-4.631465028881946999e-01 8.900843278169239259e-01
5.357695772045529825e-01 -6.402082765240895146e-01
7.704334269652115541e-01 2.319748403343635523e-02
-9.081144203692459449e-01 -2.828917989998883442e+01
-4.489418442614382165e+00 -5.924649196807811080e+01
6.528470166984268186e-01 7.436146585771694628e-01
1.684457248068000901e-01 7.443308191559216969e-01
-1.611253655065663093e-01 -8.982846387188057058e-01
7.065844549380646544e-01 8.953496520979795648e-01
-2.513388586937521652e-01 -6.805768842585271372e-01
-9.968529657640496922e-01 -2.270235899022581272e-01
1.919611313679283615e-01 -1.295736746371878780e+02
-9.255062975525887303e-01 7.837811592784607040e-01
-6.735219935278955461e-01 -6.159369912161301031e-01
-4.922879480470754299e-01 -6.253304492539779602e-02
-7.893647991905232697e-01 -9.686096205720857721e-01
-9.620132904236811111e-01 -8.028442948065201978e-01
-1.636975325845143630e+02 -8.395063947340284471e+01
-2.331661869374266871e+02 -5.026125108445444312e+01
-5.094905351452413811e+01 1.957942389553848361e-01
-7.856070454673889092e-01 -7.653524685785353388e-01
7.648131968966371819e-01 -5.083355500586312914e-01
7.830295164797249630e-01 2.893715633760778339e-01
-7.948739550462646797e-01 -1.023141709778717079e+01
-1.492185760299412038e+02 -1.000244551262124020e+02
-1.643298027928568104e+02 -6.984139818616682760e+01
-1.667654767637171176e+02 -1.484443098596817663e+02
-1.990682654031449772e+02 -1.980674864352129987e+02
-1.586658071547252007e+02 -1.482142888685138757e+02
-3.877629694778335079e-01 8.480843400117188402e-02
-1.494232433663882365e-01 4.699306925786375100e-01
-5.957594221146720326e-01 -9.430640148223035091e-01
-1.398908153147566669e-01 2.197721131529057903e-01
-3.574448208314670410e+02 -2.047969334842973694e+02
-1.729598245441667927e+02 -4.916214255695398094e+01
-8.946604067275782946e-01 -7.775079352379836717e-01
-3.070004246257251879e-03 -3.673959694458348579e-01
-1.146392007519101419e-01 -3.458652092160896530e-02
-5.930526690111688204e-01 -6.775113378172248346e-01
-1.236344767026017877e+02 -1.965893980392874028e+02
-1.973765123145628877e+02 -1.984581486621617330e+02
1.429722114890297213e-01 3.244016224204422372e-01
-3.948339962345188692e-01 -6.686234330903331191e-01
1.489164318873186232e-01 -3.802567865597858976e-01
-7.994129686724174011e-01 -8.498610370093278021e-01
-7.057242569020301115e-01 1.330392980828050131e-01
6.386417470143879171e-02 -9.168416387447768656e-01
8.382088986958529109e-01 -5.815875302699105021e-01
7.336260474904405804e-01 -7.439169369696887468e-01
-8.081384339669395178e-01 2.887382961931430625e-01
-9.428989855594502867e-01 -4.429953492835805307e-01
-5.570463117858026614e-02 -1.345654717809785517e-02
-1.913518979270556475e-01 -7.478577297341917340e-01
-7.503829826022390126e-01 -1.068774580392544138e-01
-6.831378989289582648e-02 5.401256562854557242e-01
-5.729024202006969269e-01 -9.567865210334896009e-01
3.876453987997674488e-01 4.201966220273358754e-01
9.823003685716977795e-01 -9.959015404640298996e-01
-4.622495508505750639e-01 8.737475950815192238e-01
1.173055556156654688e-02 9.194985727486113536e-01
-5.117354420460489273e-01 1.132037609963516545e-01
4.231315996651296985e-01 8.035303590548315000e-01
-1.636856991833446351e-02 1.085345783263074182e-01
8.510636731044285419e-01 -7.679955204907855659e-01
-8.288813578354465861e-01 6.940979574149781506e-01
-5.738504455980091290e-01 -6.875312822393557788e-01
-2.018435775093296858e-01 -1.126256000725771589e-01
7.860156781624327849e-02 -9.861589292949992647e-01
-5.714886159007253053e-01 -9.088639009107202238e-01
4.583036360633339079e-01 -8.079806230423061120e-01
9.734171549503853882e-01 -1.107824892338957756e-01
-5.108365132709191681e-01 -1.515142266866205123e-01
-1.832801545278039956e-01 9.943246414439317338e-01
-5.045094548597606199e-01 7.299738239296085229e-01
7.584256749371951489e-01 9.469917466688411167e-01
-2.420266929783143617e-01 4.632440569057705293e-01
-2.603315693207151060e-01 4.493261897301661367e-01
-7.954304660005877547e-01 -8.100467111176650192e-01
-4.724235360394608563e-01 3.299844799373170545e-01
6.579407360670919136e-01 -4.279641135076581726e-01
3.974314317414249231e-01 -5.561738019277460143e-01
6.290406373743597790e-01 -5.068173373259365899e-01
3.513039939052884364e-01 -4.015752456006718152e-01
4.580110263066017318e-01 8.894407236670143213e-02
5.915925020021650660e-02 4.605057227811397702e-01
-6.816922958047335612e-01 -1.977753911628699068e-01
2.337048353421480318e-01 -5.431078978237517951e-01
-3.725308212418876330e-02 2.613451850724015646e-01
-7.041882239416712430e-01 2.098873745936784552e-01
-4.505288651541941025e-01 4.630265334517520426e-01
4.741886974703197755e-01 5.651395288341112266e-01
-9.819227740763951662e-01 5.170760900270776617e-01
5.932995622218726339e-01 -6.326901700135569850e-01
9.107086583622363563e-01 -8.606834124440143619e-02
-2.406747357938494591e-01 -7.712811776733126123e-01
1.154486782348334017e-01 -2.352457177131481725e-01
1.909071348086841535e-01 -9.477484937225364447e-01
-5.380001210984171056e-01 4.950537208940919420e-02
4.856494607285430920e-01 -2.490102388065102978e-01
2.692636155810421705e-01 8.387854720679623899e-01
-3.410116225913912835e-01 -6.143797963646555615e-01
7.989749358719300254e-01 9.393294891021131132e-01
-5.125444492456658896e-01 3.959074796413968311e-01
9.803347904035877303e-01 7.819343311451141254e-01
-8.858977228415827465e-01 -3.826222238832843736e-01
4.451832837967129031e-01 -7.751637551121906000e-01
6.581179183807919220e-01 -6.800360756872330104e-01
8.191581848695879131e-01 -1.468279305862443262e-01
3.230410085821766586e-01 -9.716410615693531483e-01
-6.920620374887809234e-01 -4.923834814780025937e-02
6.785508475424650854e-01 1.737029611719145272e-01
6.879051044570094753e-02 -2.477115591398098005e-01
-8.864332229986939815e-01 7.700249192495922657e-02
1.838573116437900445e-01 3.119683831597994672e-01
-9.170422456281555057e-01 8.167673422811856376e-01
-5.174061427845166872e-01 -3.868151341231935714e-01
9.363678291814834243e-01 9.290728828110852433e-01
7.184938522510460057e-01 8.570780874701477980e-01
-8.758041183674669661e-01 -2.086781202113021649e-01
-3.634016767485601651e-01 -4.829047022154235869e-01
6.051873873437378926e-01 8.338442221982982350e-01
4.428437510896949814e-01 -8.756237698195357133e-02
3.321167062596157571e-01 6.153894935959409729e-01
-2.158555670559734185e-01 4.413417721933092785e-01
7.298031941306997172e-01 -7.001328773089654511e-01
-3.611609870024738989e-01 3.858061197893123406e-01
8.272566705714885504e-01 -7.724380568776691991e-01
-7.389894040417792631e-01 8.151263190686086624e-02
-5.910147332790631758e-01 3.247314805495271628e-01
-9.686327860546544155e-01 -6.806186618561240742e-01
-3.560040162228499394e-01 -8.613313188712050650e-01
-2.749113470076502974e-01 9.622410671524921355e-01
-5.949855212205730215e-01 -9.107860255268049876e-01
-9.302215274890679453e-01 -2.696233701826376006e-01
2.781053562124746747e-01 -9.409242950208887013e-01
-1.446710390671903657e-01 9.058603575338937119e-01
9.856042288552788744e-01 4.709640015184197726e-01
-5.962567286735520611e-01 -6.188521334026269027e-01
-7.890429721567988608e-01 -5.159972353184600902e-01
7.564992103104897225e-01 -4.283747294101303282e-03
3.399987517679810001e-01 4.798985659918302282e-01
2.927002326015291089e-01 9.376233443844388393e-01
3.468466045082196914e-01 3.738710812442687104e-01
5.947045420903851465e-02 5.869179427470085919e-01
-2.838127083087587099e-01 3.956607537375635975e-01
3.371962714567247055e-01 7.055669305603475827e-01
-9.081500246930180875e-01 -2.994368768610586873e-01
-4.997843019196674952e-01 2.287639372998415688e-01
-7.429224114780037524e-01 -9.915478812435403189e-01
-8.579570486693881559e-01 6.139568053217370203e-01
-2.215050033574397226e-01 -4.957107928856967494e-01
-9.012925303057830462e-01 8.355765737057945231e-01
7.613865797784296063e-01 -8.789510183977895519e-01
-7.061832672656058740e-01 -9.537063738256468248e-02
-9.830668405653624209e-01 7.530437482651908265e-01
-1.255628255213572118e+02 -3.936209257414293461e+01
-3.479962159163974000e-01 5.061221998538408151e+00
6.594168747691566690e-01 -5.037647751262364082e-01
5.702400492225179196e-01 -5.636393112478887968e-01
9.270444177859584745e-01 4.984002565906811011e-01
-5.660294153194354028e-01 9.883454271531546542e-01
-8.650726581969945528e+01 -8.797763131006286130e+01
-6.376643783573041624e-01 9.931560690721571660e+00
9.589031604253779317e-01 -1.032399589822727837e-01
-9.519552098217221037e-01 -2.657850343291974227e-01
5.746152135810396189e-01 -1.702788368145324860e-02
-9.806270179192717595e-01 -1.442315846845361182e-01
-1.045850816714841702e-01 6.756380121081366763e-01
-4.878113182796708358e-01 -5.204826477137625140e-01
-4.114572888678835749e-01 -2.894170692446340620e-01
6.932969160247230977e-01 9.106212438326988234e-02
-8.689095642852067147e-01 -1.839328302935789861e-01
-3.198281357619954690e+00 -9.233602425296306038e+00
-3.126270902135486196e-02 -7.320633663613382858e-01
1.593245930986586512e-01 5.255599779951591888e-01
3.698658593867343303e-01 -8.177901964415308367e-01
7.067461661476444057e-01 -7.435394008875044758e-01
6.194147920053334477e-01 -5.144056602580000526e-01
7.051511910536318872e-01 3.003135259269371637e+00
3.284245451996044007e-01 -8.477033294510682992e-02
-8.827924119079835208e-01 -6.144016704949266661e-01
-9.400067710969923773e-01 -6.373476626503216114e-01
-5.092455999538316735e-01 9.095380957302654501e-01
-6.136791574819098205e-01 -8.932029762627540226e-01
-4.823388099012391184e-01 4.049600710820848715e-01
-8.363370999043835408e-01 -8.850406159525512351e-01
-7.824435292274221077e-01 -6.016852471719100759e-01
-3.701311242205165275e-01 7.116356097779763523e-02
8.024952226233936781e-01 -8.086644251910439785e-01
-1.915163332281655251e-01 2.201536087867834723e-01
6.894120453033183438e-01 7.467592559933926566e-01
-2.729955795302105344e+02 -1.022052160498098914e+02
-4.759676751904017067e+01 -3.945455785238748092e+01
-5.494064011430790373e-01 1.396757071508519132e+01
5.661162704948738966e-01 -8.958650806404591105e-01
-5.662663963446632476e-01 2.140781939111144894e-01
8.208926732431469642e-01 -5.993178868023063544e-01
-7.147211947329850545e+01 -5.535538790865366110e+01
-8.367759011484297105e+01 -1.086854194799047768e+01
-2.454215080964905269e+02 -6.382668205597730804e+01
7.748592434833985187e-01 7.532502407815613310e-01
2.858827830076449139e-01 -2.195374538871008863e-01
1.416494200230567158e+00 5.019347093282324757e-01
-8.625815075615224092e-01 7.974980645934723889e-01
4.885385518123868120e-01 3.685001446881199794e-01
-5.322854955364069696e+01 -8.380886045869617362e+01
9.876571716900375275e-01 -8.093412472025032223e-01
-2.213221792516239361e+02 -7.843964636875614360e+01
-1.473304769363035973e+02 -3.174783198289058106e+01
5.200733730988702508e-01 -3.149741681213487077e-01
9.378297801403689959e-01 -4.971932150928868310e-01
-9.863552958970784879e-01 5.263767149395519596e-01
8.486939274842342229e-03 2.462851812506250404e-02
-6.935119172008012356e+01 -1.146963963260662922e+02
-4.694598379081219974e+01 4.479975442778564299e-01
-6.104941742916041303e-01 5.851309027222981740e-01
-7.082417279607067240e-01 9.732059758793625281e-01
3.018329513015178822e-01 5.948523523306765703e-01
-7.837509881796211886e-04 -5.096021539727992877e-01
3.132653659880744179e-01 -7.598949908499790240e-01
-9.918472903356048676e+01 -4.828373387216175416e+01
8.360128394211543412e-01 5.446776006883398136e-01
7.232795086542629370e-01 1.484468107386496261e-01
-7.320395430859987229e-01 3.322786451349077907e-01
3.241448590151310150e-01 -4.047950286808839060e-01
-5.130967518535436422e-01 -1.201531121297345628e-01
-1.066445599053487125e-01 6.192433759736402088e-01
-2.966287317675952409e+02 -1.984304834331102256e+02
-1.981391828223028426e+02 -1.966365326375712925e+02
-4.206597401271652270e-01 5.116139760966256222e-01
6.483346889522072498e-01 3.847447461484663211e-01
6.468671972575814610e-01 7.181747284354922378e-02
-3.571045080670782745e-01 -5.841390580334511196e-01
-2.963420985690270868e+02 -2.535793389509078395e+02
-1.968250875494817365e+02 -1.262355093527352210e+02
-1.979126197618828087e+02 -2.962626418301048261e+02
5.554381597990523112e-01 -6.059831217083124777e-01
5.807478454818542080e-01 5.510023612408121441e-01
-9.936246658225834949e+01 -9.951683417200230508e+01
-8.911855306271485588e-01 -2.789326163839165318e-01
4.231793723870851398e-01 8.682135133796351489e-01
-2.961536244811809411e+02 -2.381976240801178051e+02
-2.663457268768657968e+02 -1.730720081054040520e+02
-1.991490888030259612e+02 -2.314214392083818552e+02
-2.968647995221663791e+02 -2.721502627086021562e+02
-1.173304967725696812e-01 -8.930159395418708623e-01
4.423828648861047874e-01 -7.195312837995058164e-01
-1.365555640897698879e+02 3.840174454800022730e-01
-9.675850736140212405e-02 -9.864121201681215201e-01
-1.233702468827738983e+02 -1.454377306923507263e+02
-1.979332153045798748e+02 -1.490347789464800030e+02
-1.187169963620242630e-01 -7.886358643876913987e-01
6.535467923988254046e-01 -8.976574426373813420e-01
3.518166795182722240e-01 -3.027312665209460629e-01
3.885175317782405546e-01 4.362239363049673635e-01
8.780684892944707887e-01 -3.032851995586485216e-01
4.411283708429121209e-01 2.944032455666019121e-01
-5.366391378519370647e-01 -1.081929959555902876e-01
-8.282104553080174014e-01 -2.118206645896396623e-01
-8.037881049467943129e-02 -4.512520233232431011e-01
4.176884833850702528e-02 6.293740992988401395e-01
-7.179737859784578458e-01 3.274139126803374822e-01
-5.235996792876640438e-01 5.953942016318873875e-01
-2.543651917177836008e-01 5.578117063866696590e-01
-6.575571834588171960e-01 6.513278372753508183e-01
-6.595403427934145579e-01 -1.433161952159911490e-01
5.921139567586588548e-01 -5.607282070343144742e-01
3.809130167317320570e-03 8.765583300168240388e-01
6.296076684983837879e-01 8.533659255601788729e-01
6.322188193203126527e-01 -1.745798801489815144e-01
-7.742909457397550987e-02 -7.173547111097755558e-01
8.321532507746425278e-01 7.855747736487739274e-01
1.881410597325170464e-01 4.871621873057696561e-02
-8.231060448815130659e-01 5.552404212026502694e-01
5.043644248996270729e-01 2.275993460029468451e-01
7.089020709414750598e-02 3.813841098725379020e-02
-6.607262396190582976e-03 5.805870229659357840e-01
4.393239602447045478e-01 -7.030413347115356260e-01
-9.136122865378146773e-01 -5.835221819535587606e-01
1.250011558038519599e-01 2.606859083202639482e-01
1.960954046162135533e-01 -2.498094660958964930e-01
1.944724498754311082e-01 -3.714634297725449841e-02
-3.843433578387054350e-01 4.735507648671812841e-01
-6.357047774112516425e-01 9.266388535651208791e-01
6.888423028284604843e-01 -2.229534579653627002e-01
4.439450784411549389e-01 7.489458401591131409e-01
-8.628571855890365683e-01 8.261944034484569599e-02
5.768771155238860970e-02 3.364080121561978665e-01
-2.786762161295774920e-01 6.252376036000213411e-01
9.668715059200125861e-01 -1.977375101820979530e-01
-6.931071664614525396e-01 1.379898652660387359e-01
-4.451641388119174092e-01 1.793265222588646957e-02
-5.434799691274634359e-01 9.186255495647737135e-01
-1.572470908951171253e-01 7.508019184586123274e-01
9.830932970987455999e-01 5.789683428460306036e-01
8.339166820173056216e-01 -1.639721174815629290e-01
-5.533169511583782008e-01 8.975742064247782537e-04
-6.032693095311334464e-01 -3.153427464665816693e-01
-4.067553363269582611e-02 -3.956161643829270158e-01
